-5.916673710137787534e-01 2.049803551687034986e+00
3.771431803039038133e-02 9.511932949007418925e-01
2.364916346776447575e+00 2.848750954958145343e+00
8.715950418090334662e-01 1.104209682532396153e+00
1.702235020549074385e+00 -6.993539159975603603e-02
2.482490021888320797e+00 1.423915697668388436e+00
4.251811611437836813e-01 -3.626760479200799026e-01
-4.895322153787164954e-01 1.579759905232606121e-01
7.328236829593373081e-01 1.127448214200687859e+00
6.319837698999748454e-01 7.698611783440554301e-01
7.514223620380656721e-01 -1.273542098724733673e+00
1.659630087860416214e+00 3.036800995443074136e-01
8.902200807642278724e-01 2.796324358283152733e+00
5.973738721224921555e-01 9.244690351708606535e-01
8.129969225436226576e-01 5.421938919423439085e-01
1.241626202509381827e+00 6.305588766990424254e-01
2.760312047691824144e-01 2.497826379237037653e+00
-1.822727552791292283e-01 1.899207888155221013e+00
9.747466849093689989e-01 2.248811772049675639e+00
3.892242310584922649e+00 2.953381040662030887e+00
1.883938671775701845e+00 -9.949499476756220595e-01
2.735054289859439436e+00 3.139113044903144800e+00
-1.522301608674809792e-01 2.279386250530164304e+00
-1.396151000508831785e-01 1.181142379609676496e+00
2.772463216078291381e-01 1.242973268869197678e+00
2.358353533365697530e+00 2.511684144841992872e+00
-9.704830003608144740e-01 -2.232430825551290354e-01
-8.723738052751730532e-01 9.172097247025690070e-01
5.797839050701485419e-01 4.725745171363763264e-01
1.463933852062901719e+00 1.415252655212923205e+00
-4.039250272430863209e-01 1.067264640431314637e-01
5.117055788658242399e-01 1.062735718773492266e+00
1.192696734933247571e+00 3.105935792494228131e+00
1.826935270768535347e+00 1.099375734626048873e+00
1.059823730295280875e+00 1.643436659194356553e+00
6.190815497382207155e-03 2.185903668244601139e+00
1.020695962266427781e+00 2.492570002385324779e-01
1.887359979492547080e+00 2.356195837927584247e+00
8.109364446265223680e-01 2.596811670586593568e+00
1.821843059512431529e+00 -6.452786099852438895e-01
1.316900723506117643e+00 6.578616570806017361e-02
-2.297438169729826285e-01 1.261751475623931196e+00
2.405912623302385533e+00 1.735514380232699772e+00
8.141047995711188090e-01 3.126620299803628544e+00
8.850746017299788715e-01 2.223944811322737358e+00
1.499686052588324880e-01 6.371404555385411506e-01
1.378178945409645362e+00 2.197830729477025180e+00
5.771017447420679902e-01 2.950317298697090473e-01
1.105006739137131877e+00 1.560638462919082592e+00
4.930688615502702987e-01 2.806935741357028391e+00
2.901160222679564082e+00 1.666892668018827184e+00
1.123711020857340204e+00 3.092193619199810062e+00
1.627359694708460314e+00 2.623752117810699058e+00
9.741349471648779179e-01 2.773755926337703404e+00
1.970613894939725608e+00 1.411761893279622093e+00
2.295275170237990103e+00 2.636034948905590536e+00
2.229860211567238792e+00 3.327252327873318816e+00
2.781250202845626074e+00 2.409585778900899644e+00
2.229659551797272155e+00 3.197495242516218639e+00
2.695645232203954134e+00 3.046637939619989410e-01
2.073117060231354891e+00 2.295434886059383839e+00
3.794018126943922375e+00 3.096015499554008343e+00
2.477491051472500150e+00 2.524193324244548453e+00
3.713190262191396585e+00 -1.668323885011973040e-01
1.928538142865685145e+00 2.287395431370376375e+00
2.037301597657648067e-01 2.558754340711711261e+00
7.181143973541865844e-01 1.853320008675961361e+00
3.543115507634829076e+00 3.242119225233352164e+00
2.168734665730503330e+00 4.406919715213162725e+00
1.851541174485503483e+00 1.914067702342904242e+00
1.279337565218328754e+00 3.415689921257278439e+00
1.868139101964497950e+00 1.976078597048130714e+00
2.856370798388427001e+00 2.089807917729034070e+00
3.083801762958748860e+00 3.029342615362083269e+00
1.662845890176331221e+00 9.853504830989270324e-01
9.080640399372004179e-01 8.857976122678894448e-01
3.715906205947934637e+00 2.419974221750600396e+00
3.222200365451087123e+00 2.980907184793410991e-01
3.730199465201745390e+00 1.692069055027222380e+00
1.906968542563161950e+00 4.277137279349902954e-01
1.901110458321024765e-01 5.690779789817014489e+00
3.826141700786068967e+00 2.906386892132448274e+00
2.702385805337348401e+00 1.073017814599257047e+00
2.006037037144777102e+00 4.135941578174709754e+00
1.808168511851910853e+00 3.443724604076302764e+00
2.958928737524537667e+00 2.675214351252907186e+00
2.518408422731853502e+00 1.497132968080678195e+00
3.653014967638109844e+00 2.863567164053780090e+00
2.943341721397407795e+00 1.240317737697138156e+00
2.516146141540045900e+00 2.557689357423383658e+00
1.481714935462971283e+00 2.712598631117610459e+00
9.173866321101522558e-01 1.883117551443251880e+00
1.995752311038049953e+00 9.603220008932058516e-01
1.559082337859619471e+00 2.086907871068237608e-01
1.752402910398386471e+00 1.050238260416578306e+00
1.559188337019675075e+00 1.876185814524291118e+00
1.176861741078498502e+00 2.678727613203528257e+00
1.932866088787275283e+00 3.093900849801802799e-01
1.428299490687788165e+00 1.886095047469449781e+00
7.212461986311049511e-01 1.068268356846942657e+00
1.824684759558028890e+00 6.557860327168272274e-01
7.316494221684211041e-01 7.075191905117161895e-01
2.361559829192738658e-01 6.089366132134633736e-01
2.347195674575685231e+00 1.853326538865967210e+00
1.615369621419201263e+00 1.840303206164247918e+00
1.294825232149581895e+00 1.615484795008911512e+00
2.936796512237590306e+00 2.077079998682919371e+00
2.090058564407528685e+00 5.244946465614580555e-01
-1.137079517121284411e-01 2.001273428810711685e+00
2.512030000923044515e-01 2.265979250036995740e+00
1.866189210558578448e+00 2.557357223954539460e+00
1.434197840696407988e+00 1.189452975953197544e+00
1.568058380861993006e+00 1.892722615535964215e+00
2.015981373995530124e+00 2.151062708824147851e+00
9.005420681051470311e-01 6.497673427136163582e-01
2.233567930781952704e+00 2.148691127526883626e+00
1.891622299122506679e+00 1.572817514646628556e+00
1.485574436681841304e+00 2.286974256700587294e+00
2.136244676454404079e+00 1.586166111616910790e+00
2.113487273013970658e+00 4.565195599154354689e-01
6.559415390980281035e-01 2.344132921249535428e+00
9.165134002714944161e-01 1.904920659701053509e+00
1.155638131869841434e+00 3.003034929156497945e+00
1.689068907569194700e+00 1.173756860974147553e+00
1.671038172074378547e+00 9.562377676868895060e-01
2.191214693459270446e+00 1.842853242235160005e+00
2.780532087190114243e+00 2.241467695927652493e+00
1.451342347946762201e+00 2.205704948252696695e+00
8.347879069141037611e-01 2.009129821296048668e+00
1.478931617770374851e+00 2.173421196190095994e+00
1.896993665845336352e+00 6.237075522727767440e-01
2.589132516600780143e+00 3.177500836230185755e+00
1.861602499596140881e+00 1.868467390771391345e+00
1.290120336770135712e+00 1.755001902665707991e+00
1.252939884856955732e+00 1.196009437588134716e+00
