-5.916673710137787534e-01 2.049803551687034986e+00
3.771431803039038133e-02 9.511932949007418925e-01
2.364916346776447575e+00 2.848750954958145343e+00
8.715950418090334662e-01 1.104209682532396153e+00
1.702235020549074385e+00 -6.993539159975603603e-02
2.482490021888320797e+00 1.423915697668388436e+00
4.251811611437836813e-01 -3.626760479200799026e-01
-4.895322153787164954e-01 1.579759905232606121e-01
7.328236829593373081e-01 1.127448214200687859e+00
6.319837698999748454e-01 7.698611783440554301e-01
7.514223620380656721e-01 -1.273542098724733673e+00
1.659630087860416214e+00 3.036800995443074136e-01
8.902200807642278724e-01 2.796324358283152733e+00
5.973738721224921555e-01 9.244690351708606535e-01
8.129969225436226576e-01 5.421938919423439085e-01
1.241626202509381827e+00 6.305588766990424254e-01
2.760312047691824144e-01 2.497826379237037653e+00
-1.822727552791292283e-01 1.899207888155221013e+00
9.747466849093689989e-01 2.248811772049675639e+00
3.892242310584922649e+00 2.953381040662030887e+00
1.883938671775701845e+00 -9.949499476756220595e-01
2.735054289859439436e+00 3.139113044903144800e+00
-1.522301608674809792e-01 2.279386250530164304e+00
-1.396151000508831785e-01 1.181142379609676496e+00
2.772463216078291381e-01 1.242973268869197678e+00
2.358353533365697530e+00 2.511684144841992872e+00
-9.704830003608144740e-01 -2.232430825551290354e-01
-8.723738052751730532e-01 9.172097247025690070e-01
5.797839050701485419e-01 4.725745171363763264e-01
1.463933852062901719e+00 1.415252655212923205e+00
-4.039250272430863209e-01 1.067264640431314637e-01
5.117055788658242399e-01 1.062735718773492266e+00
1.192696734933247571e+00 3.105935792494228131e+00
1.826935270768535347e+00 1.099375734626048873e+00
1.059823730295280875e+00 1.643436659194356553e+00
6.190815497382207155e-03 2.185903668244601139e+00
1.020695962266427781e+00 2.492570002385324779e-01
1.887359979492547080e+00 2.356195837927584247e+00
8.109364446265223680e-01 2.596811670586593568e+00
1.821843059512431529e+00 -6.452786099852438895e-01
1.316900723506117643e+00 6.578616570806017361e-02
-2.297438169729826285e-01 1.261751475623931196e+00
2.405912623302385533e+00 1.735514380232699772e+00
8.141047995711188090e-01 3.126620299803628544e+00
8.850746017299788715e-01 2.223944811322737358e+00
1.499686052588324880e-01 6.371404555385411506e-01
1.378178945409645362e+00 2.197830729477025180e+00
5.771017447420679902e-01 2.950317298697090473e-01
1.105006739137131877e+00 1.560638462919082592e+00
4.930688615502702987e-01 2.806935741357028391e+00
