2.901160222679564082e+00 1.666892668018827184e+00
1.123711020857340204e+00 3.092193619199810062e+00
1.627359694708460314e+00 2.623752117810699058e+00
9.741349471648779179e-01 2.773755926337703404e+00
1.970613894939725608e+00 1.411761893279622093e+00
2.295275170237990103e+00 2.636034948905590536e+00
2.229860211567238792e+00 3.327252327873318816e+00
2.781250202845626074e+00 2.409585778900899644e+00
2.229659551797272155e+00 3.197495242516218639e+00
2.695645232203954134e+00 3.046637939619989410e-01
2.073117060231354891e+00 2.295434886059383839e+00
3.794018126943922375e+00 3.096015499554008343e+00
2.477491051472500150e+00 2.524193324244548453e+00
3.713190262191396585e+00 -1.668323885011973040e-01
1.928538142865685145e+00 2.287395431370376375e+00
2.037301597657648067e-01 2.558754340711711261e+00
7.181143973541865844e-01 1.853320008675961361e+00
3.543115507634829076e+00 3.242119225233352164e+00
2.168734665730503330e+00 4.406919715213162725e+00
1.851541174485503483e+00 1.914067702342904242e+00
1.279337565218328754e+00 3.415689921257278439e+00
1.868139101964497950e+00 1.976078597048130714e+00
2.856370798388427001e+00 2.089807917729034070e+00
3.083801762958748860e+00 3.029342615362083269e+00
1.662845890176331221e+00 9.853504830989270324e-01
9.080640399372004179e-01 8.857976122678894448e-01
3.715906205947934637e+00 2.419974221750600396e+00
3.222200365451087123e+00 2.980907184793410991e-01
3.730199465201745390e+00 1.692069055027222380e+00
1.906968542563161950e+00 4.277137279349902954e-01
1.901110458321024765e-01 5.690779789817014489e+00
3.826141700786068967e+00 2.906386892132448274e+00
2.702385805337348401e+00 1.073017814599257047e+00
2.006037037144777102e+00 4.135941578174709754e+00
1.808168511851910853e+00 3.443724604076302764e+00
2.958928737524537667e+00 2.675214351252907186e+00
2.518408422731853502e+00 1.497132968080678195e+00
3.653014967638109844e+00 2.863567164053780090e+00
2.943341721397407795e+00 1.240317737697138156e+00
2.516146141540045900e+00 2.557689357423383658e+00
